 InterpretEngine Log: ; [47] corr = 0.47448590530426504
                        HzDiff = 20.0
                        PerasonPCMCorr = 0.029559627075440836
                        pearsonSpectrumCorr = 0.4689666280230327
                        